0.269119 37
0.018854 1
2.527992 1
0.433509 1
0.242528 1
0.445262 1
0.161493 1
0.296164 8
1.172533 4
0.976078 1
0.282053 40
0.548405 1
2.915194 1
0.572416 1
0.590578 1
0.271962 1
0.251004 1
0.359999 2
0.489602 91
0.005670 73
0.012878 165
0.001599 1
5.729746 1
0.287150 1
0.934226 1
0.113186 1
0.194232 2
0.200111 687
0.004178 1
7.383710 1
0.194736 1
0.304381 1
0.090073 1
0.303713 1
0.220102 3
0.173948 1
1.898475 1
0.436792 1
0.147806 1
1.115508 1
0.182164 1
0.360983 1
0.375474 1
0.119243 1
0.231776 1
0.391875 2
1.234553 93
0.003917 49
0.028645 76
0.002272 1
2.498110 1
0.084066 1
0.573745 1
0.139384 1
0.932099 1
0.184286 1
0.346541 1
0.631883 1
0.920767 1
0.076202 1
0.310802 1
1.018900 1
0.819617 1
0.158963 7
0.223341 2
1.135156 29
0.001012 1
2.952195 1
0.599069 1
0.828133 1
0.544780 1
0.226107 1
0.338138 2
0.287038 91
0.004791 232
0.009866 1
7.294655 1
0.209040 1
0.467303 1
0.515489 1
0.274598 1
0.118890 1
0.195326 1
0.620890 4
0.421495 1
0.163841 4
0.700068 4
0.174432 1
1.575491 1
0.517832 1
1.881169 1
0.479719 1
0.433157 1
0.198788 1
1.456510 7
0.442175 1
1.947140 1
0.594088 1
0.072456 1
0.319283 1
0.465121 1
0.684067 1
0.489713 1
0.093631 2
1.309088 93
0.003798 51
0.024319 29
0.001904 47
5.050807 2
1.041074 93
0.004621 36
0.581690 29
0.010958 32
5.682494 2
1.601727 29
0.011398 619
0.018472 33
0.009238 75
0.327622 10
0.033129 37
0.027519 1
9.877897 1
0.222696 1
0.077315 4
0.452270 1
0.113670 2
0.169471 88
0.010160 401
0.009055 33
9.229051 2
1.047496 29
0.698585 18
3.525590 2
0.811540 29
5.495798 11
1.532070 2
1.707478 29
0.657994 33
4.094252 2
0.466363 29
0.861226 37
8.077872 2
2.342075 93
0.008895 37
0.438192 15
0.003641 14
0.000287 32
4.848120 2
0.575411 627
0.052702 29
0.017026 1
3.716128 1
0.500163 1
0.099173 4
0.386869 4
0.174241 1
0.105075 1
0.088537 2
0.143277 88
0.004789 494
0.005512 34
4.983974 2
0.793646 29
0.013052 19
2.819060 2
0.908764 29
0.005355 11
3.219205 2
0.832399 29
0.034989 35
2.449145 2
0.536914 29
0.014605 18
4.867214 2
0.712540 134
0.005537 39
7.860844 2
1.224548 93
0.004116 110
0.005012 59
0.504759 29
0.009598 15
5.946393 2
1.293388 88
0.004680 139
0.006983 18
3.975548 2
0.636862 105
0.002311 29
0.000330 16
10.464566 2
4.046482 636
0.001918 74
0.003486 18
6.595406 2
1.694629 105
0.002151 29
0.000270 1
14.302041 1
0.471949 1
0.137175 1
0.463862 1
0.259074 1
0.248524 7
1.180631 1
1.152013 40
0.305965 92
12.959277 2
1.692356 86
0.002942 87
0.000932 87
0.000868 87
0.000883 87
0.000854 87
0.000882 87
0.000897 87
0.000908 87
0.000920 89
0.000941 89
0.000958 89
0.001061 89
0.001294 89
0.001119 89
0.001612 89
0.001280 89
0.001374 89
0.001242 89
0.001144 89
0.001100 89
0.001106 89
0.001150 89
0.001149 88
0.001177 118
0.001213 8
5.852181 2
0.793774 1732
0.003545 57
10.404526 2
4.068765 93
0.004704 42
0.083226 29
0.002265 31
6.761323 2
3.238028 29
0.002401 8
4.578793 2
1.699291 366
0.001875 1
4.390155 1
0.201914 1
0.158659 1
0.272220 1
0.254498 2
0.544544 61
0.000727 52
9.378142 2
0.962720 29
0.020357 1
3.656992 1
0.139513 1
0.174355 1
0.174061 1
0.680640 1
0.045181 1
0.262574 2
0.267618 1732
0.002553 30
7.815399 2
2.479905 85
0.001710 11
5.338256 2
1.083946 29
0.003242 1
1.272540 1
0.323369 1
0.254226 1
0.241146 1
0.215440 1
0.156509 1
0.128868 1
0.409616 1
0.353352 1
0.151443 1
0.355381 1
0.159371 2
0.620552 29
0.004520 46
5.136701 2
2.304070 94
0.004515 54
0.032955 39
0.070165 2
12.882542 60
2.119654 35
3.249331 2
1.025823 29
0.020101 1
11.279138 4
0.412787 1
0.318969 1
0.183114 1
0.468198 1
0.485575 1
0.589796 1
0.410038 1
0.293603 1
0.173433 2
0.313766 1732
0.003000 1
1.401907 1
0.497882 1
0.522527 1
0.273458 1
0.185871 1
0.574096 1
0.143854 1
0.258205 4
2.094562 4
0.684998 4
0.684435 3
1.040552 3
0.948795 2
0.374092 38
0.001077 14
16.679184 1
0.307989 1
0.218314 3
0.285432 7
0.427605 7
0.186624 7
0.189795 7
0.181326 3
0.797369 3
0.104548 3
0.547969 3
0.132446 3
0.198979 3
0.224992 3
0.761434 3
0.240501 3
0.510274 3
0.135773 3
0.617038 1
0.165267 43
0.314527 64
2.071501 2
1.450883 29
0.000254 65
5.041667 31
1.050866 1
2.768983 1
0.076543 1
0.120296 1
0.106542 1
0.758549 1
0.504739 1
0.302305 1
0.384223 1
0.213262 1
0.435604 1
0.453182 4
0.291534 2
0.420720 723
0.001232 1
4.328880 1
0.510954 1
0.129046 1
0.280231 8